-490958300  -570994200  -570994200  -570994200  -1600633000  -1600633000  -1600633000  -1600633000  -1600633000  -1600633000  
-1600633000  -1600633000  -1600633000  -1600633000  -1600633000  -1600633000  -1600633000  -1600633000  -1600633000  -1600633000  
-1600633000  -1600633000  -1600633000  -1600633000  -1600633000  -1600633000  -1600633000  -1600633000  -1600633000  -1600633000  
-1600633000  -1600633000  -1600633000  -1600633000  -1600633000  -1600633000  -1600633000  -1600633000  -1600633000  -1600633000  
-1600633000  -1600633000  -1600633000  -1600633000  -1600633000  -1600633000  -1600633000  -1600633000  -1600633000  -1600633000  
-1600633000  -1600633000  -1600633000  -1600633000  -1600633000  -1600633000  -1600633000  -1600633000  -1600633000  -1600633000  
-1600633000  -1600633000  -1600633000  -1600633000  -1600633000  -1600633000  -1600633000  -1600633000  -1600633000  -1600633000  
-1600633000  -1600633000  -1600633000  -1600633000  -1600633000  -1600633000  -1600633000  -1600633000  -1600633000  -1600633000  
-1600633000  -1600633000  -1600633000  -1600633000  -1600633000  -1600633000  -1600633000  -1600633000  -1600633000  -1600633000  
-1600633000  -1600633000  -1600633000  -1600633000  -1600633000  -1600633000  -1600633000  -1600633000  -1600633000  -1600633000  
-1600633000  -1600633000  -1600633000  -1600633000  -1600633000  complete!